k = 11.   1.591763, 1.229242, 1.047428, 0.938155, 0.865230, 0.813080, 0.773981, 0.743502, 0.719195, 0.699278, 0.682618, 0.668304, 0.656696, 0.645699, 0.635717, 0.627124, 0.620654, 0.618878,
k = 20.   1.599097, 1.234323, 1.051294, 0.941266, 0.867825, 0.815303, 0.775919, 0.745241, 0.720750, 0.700665, 0.683862, 0.669503, 0.657866, 0.646597, 0.636719, 0.628032, 0.621284, 0.619872,
k = 25.   1.600035, 1.234956, 1.051777, 0.941655, 0.868152,
N = 15000
k = 11.   1.049960, 0.940201, 0.866926, 0.814530, 0.775246,
k = 20.   1.551098, 1.440874, 1.367154, 1.315404, 1.275056,
