{
 "cells": [
  {
   "cell_type": "code",
   "execution_count": 66,
   "metadata": {},
   "outputs": [],
   "source": [
    "import numpy as np\n",
    "import pandas as pd\n",
    "data = pd.read_excel(r'/home/bek/Documents/ОАВР/Official_Foreign_Exchange_Rates_NBRK_on_13_04_2020.xls')\n",
    "ts = pd.DataFrame(data, columns=['USD']) # time series\n",
    "ts = ts.values\n",
    "ts = ts.reshape(-1)\n",
    "time_series = ts"
   ]
  },
  {
   "cell_type": "code",
   "execution_count": 2,
   "metadata": {},
   "outputs": [
    {
     "name": "stdout",
     "output_type": "stream",
     "text": [
      "0.392 2\n"
     ]
    }
   ],
   "source": [
    "l = len(time_series) // 2\n",
    "ts = time_series[l:]\n",
    "from sklearn.cluster import KMeans\n",
    "from sklearn.metrics import accuracy_score\n",
    "scores = np.empty(14)\n",
    "for k in range(2, 16):\n",
    "    X = time_series[:l - l%k]\n",
    "    X = X.reshape(l//k, k)\n",
    "    KMean = KMeans(n_clusters=k)\n",
    "    KMean.fit(X)\n",
    "    y_true = KMean.labels_\n",
    "    X1 = ts[:l - l%k]\n",
    "    X1 = X1.reshape(l//k, k)\n",
    "    y_pred = KMean.predict(X1)\n",
    "    scores[k - 2] = accuracy_score(y_true, y_pred)\n",
    "k = 2 + np.argmax(scores)\n",
    "print(max(scores),k)"
   ]
  },
  {
   "cell_type": "code",
   "execution_count": 67,
   "metadata": {},
   "outputs": [
    {
     "name": "stdout",
     "output_type": "stream",
     "text": [
      "[[371.56 371.56 371.56 ... 448.52 447.6  443.5 ]\n",
      " [371.56 371.56 371.56 ... 447.6  443.5  443.5 ]\n",
      " [371.56 371.56 371.14 ... 443.5  443.5  443.5 ]\n",
      " ...\n",
      " [370.49 370.49 370.49 ... 435.54 432.55 431.03]\n",
      " [370.49 370.49 369.35 ... 432.55 431.03 431.03]\n",
      " [370.49 369.35 370.55 ... 431.03 431.03 431.03]]\n"
     ]
    }
   ],
   "source": [
    "tau = 10\n",
    "l = len(time_series) - tau + 1\n",
    "X = np.empty(shape=(tau, l))\n",
    "for i in range(tau):\n",
    "    for j in range(l):\n",
    "        X[i][j] = time_series[i + j]\n",
    "print(X)"
   ]
  },
  {
   "cell_type": "code",
   "execution_count": 68,
   "metadata": {},
   "outputs": [
    {
     "name": "stdout",
     "output_type": "stream",
     "text": [
      "[[147813.62601955 147871.73812179 147929.55158228 147983.00369878\n",
      "  148033.77629043 148083.24672118 148129.38031955 148174.76814094\n",
      "  148219.65771813 148264.55499328]\n",
      " [147871.73812179 147933.04641955 147991.15852179 148044.91635092\n",
      "  148096.73356925 148146.32458289 148192.59482098 148238.73273544\n",
      "  148283.73461874 148328.62419593]\n",
      " [147929.55158228 147991.15852179 148052.46681955 148106.52329043\n",
      "  148158.64622138 148209.28186171 148255.67268269 148301.94723686\n",
      "  148347.69921324 148392.70109654]\n",
      " [147983.00369878 148044.91635092 148106.52329043 148163.81701609\n",
      "  148216.25514053 148267.21167352 148314.67446354 148361.08350041\n",
      "  148406.9721165  148452.72409287]\n",
      " [148033.77629043 148096.73356925 148158.64622138 148216.25514053\n",
      "  148271.93719206 148323.21503788 148371.00974277 148418.49635193\n",
      "  148464.51945071 148510.4080668 ]\n",
      " [148083.24672118 148146.32458289 148209.28186171 148267.21167352\n",
      "  148323.21503788 148377.74206375 148425.86875479 148473.6908609\n",
      "  148520.79196823 148566.81506701]\n",
      " [148129.38031955 148192.59482098 148255.67268269 148314.67446354\n",
      "  148371.00974277 148425.86875479 148477.26194664 148525.42774155\n",
      "  148572.86366029 148619.96476762]\n",
      " [148174.76814094 148238.73273544 148301.94723686 148361.08350041\n",
      "  148418.49635193 148473.6908609  148525.42774155 148576.85799654\n",
      "  148624.6394945  148672.07541324]\n",
      " [148219.65771813 148283.73461874 148347.69921324 148406.9721165\n",
      "  148464.51945071 148520.79196823 148572.86366029 148624.6394945\n",
      "  148675.68492281 148723.46642077]\n",
      " [148264.55499328 148328.62419593 148392.70109654 148452.72409287\n",
      "  148510.4080668  148566.81506701 148619.96476762 148672.07541324\n",
      "  148723.46642077 148774.51184908]]\n"
     ]
    }
   ],
   "source": [
    "\n",
    "C = X@X.transpose() / l\n",
    "print(C)"
   ]
  },
  {
   "cell_type": "code",
   "execution_count": 69,
   "metadata": {},
   "outputs": [
    {
     "name": "stdout",
     "output_type": "stream",
     "text": [
      "[5.19454006e-01 6.66979634e-01 1.01358761e+00 1.31993321e+00\n",
      " 1.45206523e+00 1.80917903e+00 2.83888395e+00 7.67448347e+00\n",
      " 6.29630621e+01 1.48303669e+06]\n",
      "\n",
      "[[ 0.08396242 -0.19791182 -0.33797674 -0.12118167  0.08059853  0.37049436\n",
      "  -0.39396526 -0.45875975  0.46451899  0.31568772]\n",
      " [-0.21695383  0.46259341  0.48124629 -0.10892252 -0.25041425 -0.34847959\n",
      "  -0.04607691 -0.23733402  0.39132803  0.31582084]\n",
      " [ 0.29517282 -0.43442457  0.13966683  0.27303605  0.39252997 -0.37996365\n",
      "   0.37804846  0.0223322   0.29731332  0.31595263]\n",
      " [-0.38026214  0.24458324 -0.36075904  0.42787765 -0.13598086  0.30263696\n",
      "   0.42120326  0.24422523  0.18791546  0.3160745 ]\n",
      " [ 0.45676574 -0.0755501  -0.09156312 -0.47906135 -0.49379616  0.05246778\n",
      "   0.16041668  0.41350089  0.0670276   0.31619132]\n",
      " [-0.45828304 -0.07090398  0.09567456 -0.45805669  0.51358584  0.05326815\n",
      "  -0.14984188  0.41629127 -0.05977033  0.31630416]\n",
      " [ 0.38469009  0.24130231  0.35344447  0.4325482   0.12150124  0.31027126\n",
      "  -0.41593482  0.25332391 -0.18288165  0.31640877]\n",
      " [-0.30123444 -0.43142777 -0.13271146  0.25463062 -0.40714494 -0.3738521\n",
      "  -0.38257056  0.03507937 -0.29559419  0.31651176]\n",
      " [ 0.22218606  0.45409249 -0.48196881 -0.10103633  0.25395475 -0.35647073\n",
      "   0.03680948 -0.23014817 -0.39471523  0.31661248]\n",
      " [-0.08603187 -0.19235559  0.33489273 -0.11985059 -0.07482239  0.36964714\n",
      "   0.39170452 -0.4587093  -0.47190055  0.31671181]]\n"
     ]
    }
   ],
   "source": [
    "L, V = np.linalg.eigh(C)\n",
    "print(L, end='\\n\\n')\n",
    "print(V)"
   ]
  },
  {
   "cell_type": "code",
   "execution_count": 70,
   "metadata": {},
   "outputs": [
    {
     "name": "stdout",
     "output_type": "stream",
     "text": [
      "[1.01358761e+00 1.31993321e+00 1.45206523e+00 1.80917903e+00\n",
      " 2.83888395e+00 7.67448347e+00 6.29630621e+01 1.48303669e+06]\n",
      "\n",
      "[[ 0.29517282 -0.43442457  0.13966683  0.27303605  0.39252997 -0.37996365\n",
      "   0.37804846  0.0223322   0.29731332  0.31595263]\n",
      " [-0.38026214  0.24458324 -0.36075904  0.42787765 -0.13598086  0.30263696\n",
      "   0.42120326  0.24422523  0.18791546  0.3160745 ]\n",
      " [ 0.45676574 -0.0755501  -0.09156312 -0.47906135 -0.49379616  0.05246778\n",
      "   0.16041668  0.41350089  0.0670276   0.31619132]\n",
      " [-0.45828304 -0.07090398  0.09567456 -0.45805669  0.51358584  0.05326815\n",
      "  -0.14984188  0.41629127 -0.05977033  0.31630416]\n",
      " [ 0.38469009  0.24130231  0.35344447  0.4325482   0.12150124  0.31027126\n",
      "  -0.41593482  0.25332391 -0.18288165  0.31640877]\n",
      " [-0.30123444 -0.43142777 -0.13271146  0.25463062 -0.40714494 -0.3738521\n",
      "  -0.38257056  0.03507937 -0.29559419  0.31651176]\n",
      " [ 0.22218606  0.45409249 -0.48196881 -0.10103633  0.25395475 -0.35647073\n",
      "   0.03680948 -0.23014817 -0.39471523  0.31661248]\n",
      " [-0.08603187 -0.19235559  0.33489273 -0.11985059 -0.07482239  0.36964714\n",
      "   0.39170452 -0.4587093  -0.47190055  0.31671181]]\n"
     ]
    }
   ],
   "source": [
    "r = 8\n",
    "L_ = L[2:]\n",
    "V_ = V[2:]\n",
    "print(L_, end='\\n\\n')\n",
    "print(V_)"
   ]
  },
  {
   "cell_type": "code",
   "execution_count": 78,
   "metadata": {},
   "outputs": [
    {
     "name": "stdout",
     "output_type": "stream",
     "text": [
      "(9, 8)\n",
      "[[ 0.08396242 -0.19791182 -0.33797674 -0.12118167  0.08059853  0.37049436\n",
      "  -0.39396526 -0.45875975]\n",
      " [-0.21695383  0.46259341  0.48124629 -0.10892252 -0.25041425 -0.34847959\n",
      "  -0.04607691 -0.23733402]\n",
      " [ 0.29517282 -0.43442457  0.13966683  0.27303605  0.39252997 -0.37996365\n",
      "   0.37804846  0.0223322 ]\n",
      " [-0.38026214  0.24458324 -0.36075904  0.42787765 -0.13598086  0.30263696\n",
      "   0.42120326  0.24422523]\n",
      " [ 0.45676574 -0.0755501  -0.09156312 -0.47906135 -0.49379616  0.05246778\n",
      "   0.16041668  0.41350089]\n",
      " [-0.45828304 -0.07090398  0.09567456 -0.45805669  0.51358584  0.05326815\n",
      "  -0.14984188  0.41629127]\n",
      " [ 0.38469009  0.24130231  0.35344447  0.4325482   0.12150124  0.31027126\n",
      "  -0.41593482  0.25332391]\n",
      " [-0.30123444 -0.43142777 -0.13271146  0.25463062 -0.40714494 -0.3738521\n",
      "  -0.38257056  0.03507937]\n",
      " [ 0.22218606  0.45409249 -0.48196881 -0.10103633  0.25395475 -0.35647073\n",
      "   0.03680948 -0.23014817]]\n"
     ]
    }
   ],
   "source": [
    "V_a = np.empty(shape=(tau-1,r)) # a - asterisk\n",
    "for i in range(tau-1):\n",
    "    for j in range(r):\n",
    "        V_a[i][j] = V[i][j]\n",
    "print(V_a.shape)\n",
    "print(V_a)"
   ]
  },
  {
   "cell_type": "code",
   "execution_count": 79,
   "metadata": {},
   "outputs": [
    {
     "name": "stdout",
     "output_type": "stream",
     "text": [
      "9\n"
     ]
    }
   ],
   "source": [
    "Q = np.array(time_series[l:])\n",
    "print(len(Q))"
   ]
  },
  {
   "cell_type": "code",
   "execution_count": 83,
   "metadata": {},
   "outputs": [
    {
     "name": "stdout",
     "output_type": "stream",
     "text": [
      "[ 113.9170152   256.223831   -444.14813453  158.17363085   98.05277748\n",
      " -491.22928035 -519.40889359  604.30194792]\n"
     ]
    },
    {
     "name": "stderr",
     "output_type": "stream",
     "text": [
      "/home/bek/.local/lib/python3.7/site-packages/ipykernel_launcher.py:1: FutureWarning: `rcond` parameter will change to the default of machine precision times ``max(M, N)`` where M and N are the input matrix dimensions.\n",
      "To use the future default and silence this warning we advise to pass `rcond=None`, to keep using the old, explicitly pass `rcond=-1`.\n",
      "  \"\"\"Entry point for launching an IPython kernel.\n"
     ]
    }
   ],
   "source": [
    "P = np.linalg.lstsq(V_a, Q)\n",
    "P = P[0]\n",
    "print(P)"
   ]
  },
  {
   "cell_type": "code",
   "execution_count": 88,
   "metadata": {},
   "outputs": [
    {
     "name": "stdout",
     "output_type": "stream",
     "text": [
      "(10, 8)\n",
      "[[ 0.29517282 -0.38026214  0.45676574 -0.45828304  0.38469009 -0.30123444\n",
      "   0.22218606 -0.08603187]\n",
      " [-0.43442457  0.24458324 -0.0755501  -0.07090398  0.24130231 -0.43142777\n",
      "   0.45409249 -0.19235559]\n",
      " [ 0.13966683 -0.36075904 -0.09156312  0.09567456  0.35344447 -0.13271146\n",
      "  -0.48196881  0.33489273]\n",
      " [ 0.27303605  0.42787765 -0.47906135 -0.45805669  0.4325482   0.25463062\n",
      "  -0.10103633 -0.11985059]\n",
      " [ 0.39252997 -0.13598086 -0.49379616  0.51358584  0.12150124 -0.40714494\n",
      "   0.25395475 -0.07482239]\n",
      " [-0.37996365  0.30263696  0.05246778  0.05326815  0.31027126 -0.3738521\n",
      "  -0.35647073  0.36964714]\n",
      " [ 0.37804846  0.42120326  0.16041668 -0.14984188 -0.41593482 -0.38257056\n",
      "   0.03680948  0.39170452]\n",
      " [ 0.0223322   0.24422523  0.41350089  0.41629127  0.25332391  0.03507937\n",
      "  -0.23014817 -0.4587093 ]\n",
      " [ 0.29731332  0.18791546  0.0670276  -0.05977033 -0.18288165 -0.29559419\n",
      "  -0.39471523 -0.47190055]\n",
      " [ 0.31595263  0.3160745   0.31619132  0.31630416  0.31640877  0.31651176\n",
      "   0.31661248  0.31671181]]\n"
     ]
    }
   ],
   "source": [
    "V_t = V_[:r].transpose()\n",
    "print(V_t.shape)\n",
    "print(V_t)"
   ]
  },
  {
   "cell_type": "code",
   "execution_count": 100,
   "metadata": {},
   "outputs": [
    {
     "name": "stdout",
     "output_type": "stream",
     "text": [
      "[ 428.5  -180.75  424.    -96.   -224.   -416.     32.     80.     32.\n",
      "  192.  ]\n"
     ]
    }
   ],
   "source": [
    "# answer\n",
    "x = np.linalg.inv( (1 - V_t@V_t.transpose()) )@(V_t@V_a.transpose()@Q) )\n",
    "print(x, end='\\n\\n')\n",
    "print(x[0])"
   ]
  }
 ],
 "metadata": {
  "kernelspec": {
   "display_name": "Python 3",
   "language": "python",
   "name": "python3"
  },
  "language_info": {
   "codemirror_mode": {
    "name": "ipython",
    "version": 3
   },
   "file_extension": ".py",
   "mimetype": "text/x-python",
   "name": "python",
   "nbconvert_exporter": "python",
   "pygments_lexer": "ipython3",
   "version": "3.7.3"
  }
 },
 "nbformat": 4,
 "nbformat_minor": 4
}
